renter
0
0
0
0
0
0
0
0
0
0
0
0
0
0
0
0
0
0
0
0
0
0
0
0
0
0
0
0
0
0
0
0
0
0
0
0
0
0
0
0
0
0
0
0
0
0
0
0
0
0
0
0
0
0
0
0
0
0
0
0
0
0
0
0
0
0
0
0
0
0
0
0
0
0
0
0
0
0
0
0
0
0
0
0
0
0
0
0
0
0
0
0
0
0
0
0
0
0
0
0
0
0
-0.44
-0.646
-0.649
-0.661
-0.646
-0.609
-0.604
-0.647
-0.649
-0.639
-0.634
-0.616
-0.618
-0.643
-0.519
-0.475
-0.487
-0.619
-0.621
-0.652
-0.632
-0.653
-0.605
-0.623
-0.609
-0.609
-0.625
-0.62
-0.618
-0.631
-0.601
-0.624
-0.61
-0.626
-0.607
-0.516
-0.469
-0.382
-0.638
-0.57
-0.639
-0.623
-0.643
-0.65
-0.611
-0.65
-0.594
-0.562
-0.658
-0.661
-0.653
-0.656
-0.665
-0.67
-0.652
-0.661
-0.653
-0.659
-0.673
-0.67
-0.639
-0.676
-0.675
-0.637
-0.644
-0.634
-0.654
-0.668
-0.677
-0.664
-0.673
-0.648
-0.661
-0.155
-0.142
-0.146
-0.152
-0.16
-0.157
-0.149
-0.145
-0.146
-0.149
-0.162
-0.172
-0.155
-0.167
-0.153
-0.151
-0.152
-0.171
-0.167
-0.162
-0.14
-0.161
-0.152
-0.13
-0.177
-0.13
-0.122
-0.13
-0.08
-0.166
-0.157
-0.171
-0.158
-0.167
-0.17
0.581
0.605
0.594
0.589
0.583
0.588
0.581
0.585
0.611
0.581
0.578
0.604
0.557
0.571
0.585
0.579
0.554
0.558
0.595
0.608
0.59
0.594
0.593
0.587
0.606
0.584
0.583
0.595
0.592
0.595
0.595
0.588
0.597
0.602
0.61
1.172
1.185
1.179
1.187
1.186
1.193
1.181
1.187
1.195
1.182
1.178
1.189
1.201
1.205
1.197
1.209
1.191
1.182
1.181
1.175
1.182
1.176
1.179
1.05
1.088
1.139
1.144
1.127
1.139
1.174
1.161
1.184
1.18
1.173
1.194
1.663
1.651
1.643
1.636
1.669
1.609
1.672
1.661
1.672
1.16
1.736
1.674
1.686
1.676
1.676
1.679
1.688
1.688
1.682
1.672
1.678
1.685
1.679
1.67
1.676
1.676
1.682
1.679
1.677
1.679
1.685
1.681
1.667
1.675
2.018
2.017
2.02
2.018
2.011
2.015
2.021
2.021
2.021
2.022
2.025
2.02
2.021
2.014
2.019
2.017
2.014
2.014
2.013
2.015
2.011
2.019
2.021
2.025
2.016
2.004
2.012
2.024
2.019
2.013
2.518
2.623
2.523
2.528
2.524
2.524
2.531
2.531
2.541
2.529
2.528
2.52
2.535
2.52
2.524
2.518
2.522
2.522
2.526
2.53
2.519
2.517
2.518
2.519
2.509
2.516
2.524
2.517
2.525
2.534
2.527
2.529
2.771
2.781
2.783
2.777
2.772
2.791
2.778
2.779
2.783
2.781
2.771
2.773
2.776
2.777
2.8
2.795
2.781
2.762
2.776
2.78
2.785
2.782
2.775
2.781
2.792
3.027
3.026
3.033
3.023
3.025
3.019
3.015
3.007
3.017
3.005
3.016
3.017
3.025
3.039
3.043
3.043
3.034
3.036
3.034
3.028
3.034
3.017
3.031
3.035
3.034
3.033
3.037
3.038
3.026
3.026
3.277
3.286
3.286
3.282
3.274
3.271
3.285
3.282
3.273
3.284
3.283
3.283
3.273
3.272
3.28
3.276
3.281
3.273
3.272
3.275
3.28
3.273
3.288
3.281
3.285
3.296
3.284
3.295
3.285
3.293
3.287
3.294
3.304
3.27
3.285
3.522
3.529
3.522
3.529
3.535
3.536
3.525
3.532
3.523
3.512
3.555
3.544
3.55
3.548
3.539
3.545
3.538
3.54
3.534
3.521
3.531
3.533
3.524
3.535
3.527
3.534
3.531
3.525
3.525
3.529
3.528
3.53
3.532
3.533
3.524
3.521
3.531
3.524
3.526
3.534
3.534
3.532
3.53
3.526
3.525
3.535
3.534
3.529
3.529
3.54
3.525
3.528
3.53
3.525
3.529
3.528
3.53
3.528
3.533
3.531
3.535
3.531
3.528
3.531
3.521
3.517
3.52
3.515
3.522
3.52
3.519
3.515
3.511
3.412
3.528
3.522
3.521
3.526
3.528
3.527
3.528
3.546
3.523
3.523
3.523
3.524
3.523
3.518
3.522
3.519
3.521
3.519
3.502
3.513
3.518
3.517
3.526
3.526
3.519
3.516
3.522
3.516
3.51
3.507
3.516
3.51
3.519
3.511
3.519
3.52
3.517
3.516
3.511
3.514
3.516
3.514
3.506
3.522
3.523
3.525
3.521
3.52
3.524
3.521
3.528
3.52
3.527
3.525
3.521
3.514
3.517
3.516
3.529
3.515
3.519
3.516
3.524
3.525
3.529
3.523
3.528
3.524
3.524
3.524
3.525
3.52
3.525
3.533
3.537
3.533
3.532
3.531
3.527
3.528
3.536
3.539
3.528
3.534
3.534
3.537
3.529
3.527
3.534
3.558
3.535
3.53
3.531
3.532
3.526
3.526
3.526
3.527
3.524
3.527
3.523
3.536
3.526
3.53
3.53
3.511
3.267
3.27
3.279
3.28
3.281
3.277
3.279
3.277
3.275
3.287
3.288
3.285
3.281
3.283
3.361
3.258
3.289
3.29
3.279
3.287
3.279
3.276
3.278
3.286
3.283
3.28
3.288
3.288
3.284
3.284
3.279
3.281
3.284
3.284
3.283
3.288
3.28
3.286
3.287
3.288
3.232
3.283
3.279
3.28
3.283
3.281
3.278
3.276
3.287
3.284
3.282
3.28
3.277
3.278
3.28
3.276
3.28
3.285
3.265
3.266
3.261
3.28
3.283
3.281
3.278
3.279
3.273
3.284
3.278
3.275
3.029
3.036
3.03
3.047
3.037
3.077
3.037
3.039
3.04
3.123
3.12
3.087
3.112
3.029
3.034
3.029
3.029
3.102
3.028
3.029
3.024
3.021
3.032
3.029
3.031
2.78
2.778
2.776
2.776
2.781
2.783
2.751
2.782
2.786
2.781
2.78
2.782
2.777
2.778
2.778
2.772
2.771
2.782
2.784
2.784
2.772
2.777
2.781
2.782
2.785
2.781
2.779
2.762
2.787
2.836
2.816
2.789
2.788
2.797
2.781
2.705
2.687
2.695
2.652
2.594
2.349
2.334
2.594
2.545
2.539
2.541
2.586
2.536
2.562
2.593
2.544
2.537
2.549
2.544
2.555
2.541
2.55
2.547
2.535
2.543
2.536
2.548
2.55
2.556
2.535
2.543
2.538
2.546
2.548
2.547
2.304
2.302
2.299
2.294
2.298
2.3
2.289
2.293
2.289
2.292
2.322
2.297
2.294
2.281
2.273
2.288
2.294
2.281
2.358
2.31
2.276
2.299
2.303
2.293
2.294
2.081
2.065
2.055
2.055
2.048
2.045
2.059
2.058
2.062
2.064
2.062
2.054
2.041
2.043
2.045
2.047
2.076
2.094
2.05
2.041
2.05
2.037
2.047
2.039
2.049
2.042
2.047
2.042
2.045
1.811
1.798
1.802
1.795
1.805
1.808
1.816
1.854
1.807
1.807
1.8
1.807
1.804
1.803
1.8
1.805
1.805
1.794
1.806
1.791
1.795
1.79
1.794
1.793
